50
1747793 15 77 86 83
1641421 49 92 86 35
1897763 59 90 27 62
1455736 72 26 40 26
465782 29 67 68 11
703135 67 23 62 30
1133069 58 22 2 29
478042 11 56 93 67
2413784 19 21 73 29
1664370 15 24 98 37
759956 80 91 26 13
497281 96 70 62 73
2660336 27 84 25 5
2925857 13 29 46 5
898814 45 82 95 24
1313750 43 64 34 67
1695788 78 76 8 87
1612399 54 51 3 84
1947739 68 76 60 32
297539 94 86 26 12
2097467 78 34 70 95
570492 17 2 97 1
724286 80 1 56 52
346619 44 89 65 41
2738097 17 31 29 40
2698927 9 75 81 71
254586 53 97 56 67
1028624 19 83 6 65
409503 29 32 71 28
1486715 8 68 70 19
1142618 23 96 49 40
2243555 21 51 46 45
2469841 28 64 88 79
2087764 34 0 93 50
373743 56 87 14 24
2281936 59 65 27 91
153275 28 37 51 32
794395 58 21 74 7
1065818 93 35 37 29
2639529 28 11 43 28
1114613 63 43 4 76
344818 4 40 6 38
1569917 17 69 88 28
512183 70 43 24 96
1385644 25 72 99 90
469786 54 39 5 90
110197 64 42 82 69
1278611 48 4 55 7
2195746 43 99 28 22
613810 11 22 40 68
