100
513 513 257
53 115 1
512 512 257
844 590 349
784 942 121
258 668 237
909 2 643
2 2 1
416 239 131
514 316 37
321 795 54
820 100 55
204 159 151
513 513 512
45 56 35
5 5 3
499 989 760
512 512 2
186 658 158
5 1 4
707 59 951
444 971 253
980 331 306
4 1 2
902 861 703
4 3 3
3 3 5
4 3 3
174 865 92
208 916 710
512 512 513
103 143 88
1 1 1000
3 4 1
776 557 575
354 921 457
194 948 828
83 664 607
690 874 958
562 359 202
854 567 133
1 3 1
975 552 512
2 3 1
2 1 5
808 193 130
26 141 531
4 2 1
977 495 165
4 2 1
4 5 2
513 513 2
605 491 798
887 751 305
303 263 858
513 513 1
174 436 599
231 820 112
3 1 1
158 705 647
1 1 1
171 4 3
781 183 938
564 395 612
413 83 892
772 357 95
787 724 74
4 4 5
512 512 256
604 309 166
591 873 38
992 163 126
752 527 540
422 454 755
546 760 366
7 8 5
720 928 902
19 163 7
4 4 4
2 5 2
326 689 524
344 625 481
94 215 438
3 4 2
438 530 328
1000 1000 1
513 513 256
4 3 5
282 631 91
1 5 1
635 529 97
512 512 1
210 887 4
63 406 35
428 654 117
918 969 941
815 651 494
5 3 5
25 925 602
920 989 813
