100
4 3
62689
36078
93882
34712
1 3
2 4
1 2
7 16
86918
27245
32136
40259
84573
20000
89936
1 2
3 5
3 7
1 5
2 3
3 4
4 7
2 5
1 3
6 7
3 6
2 4
1 4
2 7
2 6
1 7
2 1
83679
81069
1 2
3 2
92848
75556
39812
1 2
2 3
3 2
84403
80463
91022
1 2
2 3
7 10
75598
92278
21480
61801
82991
24676
55797
6 7
2 5
3 5
4 7
2 6
1 2
1 6
2 4
5 7
1 3
2 1
51949
80773
1 2
6 12
28991
70375
76391
93130
54785
93792
4 6
3 6
3 5
2 6
4 5
1 4
5 6
2 3
1 5
1 6
1 2
3 4
6 14
57502
43743
16831
53878
95834
47685
1 3
2 4
1 2
4 5
1 6
2 3
3 4
1 5
5 6
1 4
2 5
4 6
3 5
3 6
3 2
55107
85943
92996
1 2
2 3
3 2
33287
93763
24770
1 2
1 3
1 0
19371
2 1
68112
43610
1 2
3 2
99528
78834
92996
1 2
1 3
7 8
77698
42302
59285
92443
27854
47623
69597
4 7
5 6
1 3
3 5
1 2
1 7
2 4
3 6
7 12
86363
44859
15321
87731
95368
53396
41338
1 6
1 2
2 5
4 5
3 5
5 6
2 6
1 5
1 3
2 4
5 7
3 7
2 1
70914
25851
1 2
1 0
85229
6 14
59442
83176
29796
13018
25988
38662
2 4
1 5
3 6
5 6
4 6
2 6
3 4
1 3
2 5
1 2
2 3
4 5
3 5
1 4
6 11
33951
83773
51008
70174
87299
64363
1 4
3 6
2 4
2 6
5 6
2 3
1 5
2 5
1 6
1 2
4 5
3 2
36488
17150
64891
1 2
2 3
6 5
10001
10002
10003
10004
10005
10006
1 5
1 2
2 3
2 6
4 6
4 5
98511
74776
27699
16219
1 3
2 3
1 4
1 2
3 4
1 0
24054
6 11
85651
32856
57501
37766
33449
12048
3 5
1 6
1 5
4 5
1 2
2 5
2 3
3 4
5 6
2 4
2 6
6 6
10001
10002
10003
10004
10005
10006
1 2
1 6
2 3
2 4
3 5
4 5
2 1
88377
40331
1 2
3 2
38633
64711
38815
1 2
2 3
7 6
22711
72873
96673
35774
51814
16933
50036
1 3
2 5
6 7
1 2
3 4
3 6
1 0
71266
4 4
10001
10002
10003
10004
1 2
1 3
2 4
3 4
4 5
78941
20260
17910
72577
3 4
1 2
1 4
2 4
1 3
3 2
71410
20948
78756
1 3
1 2
3 2
13893
67284
49736
1 2
1 3
6 5
68075
41460
97874
52125
80114
57159
2 6
1 2
2 5
2 3
1 4
5 5
36562
58051
40059
11111
99906
2 3
1 3
2 5
2 4
1 2
8 28
10001
10002
10003
10004
10005
10006
10007
10008
1 2
1 3
1 4
1 5
1 6
1 7
1 8
2 3
2 4
2 5
2 6
2 7
2 8
3 4
3 5
3 6
3 7
3 8
4 5
4 6
4 7
4 8
5 6
5 7
5 8
6 7
6 8
7 8
4 4
77327
66851
66130
79446
1 2
2 4
1 3
1 4
2 1
22210
57657
1 2
4 3
57450
62648
27864
66821
1 3
1 4
1 2
5 4
10001
10002
10003
10004
10005
1 4
1 3
3 5
2 5
5 6
10001
10002
10003
10004
10005
1 2
2 5
3 5
1 3
1 4
2 4
2 1
22030
90968
1 2
2 1
47350
93184
1 2
7 12
39469
28589
66005
12397
88895
47020
53945
5 6
1 2
2 3
3 5
3 7
3 4
2 4
4 7
1 5
3 6
1 4
1 3
1 0
10001
3 2
10001
20000
10000
1 2
2 3
7 9
17464
81682
68552
97944
78101
18393
79200
2 7
1 4
1 2
3 4
6 7
1 7
3 5
1 6
2 3
7 11
77342
83252
27551
79732
72334
94474
61108
1 3
1 7
2 4
2 5
6 7
4 5
2 6
3 4
4 7
2 3
1 2
2 1
10001
10002
1 2
6 5
90616
71917
60651
99168
41254
53406
1 5
1 6
2 3
2 4
1 2
6 9
27584
68988
93231
65990
74279
45943
3 4
1 2
3 5
3 6
1 6
1 3
4 6
2 3
2 4
8 15
31283
30815
39161
36989
37487
60048
36432
14848
1 6
1 3
3 8
2 4
2 8
4 8
7 8
2 7
4 7
2 6
3 5
1 2
3 4
6 7
5 7
7 12
95958
10843
68401
12811
17291
33075
21917
4 7
5 7
3 7
2 7
4 5
2 6
2 3
1 7
1 2
1 4
2 4
5 6
8 21
30904
89573
91397
98654
68857
71668
92457
94311
1 3
3 4
4 6
3 5
1 5
3 7
5 6
5 8
2 6
4 7
1 8
4 8
1 4
2 7
6 7
2 4
5 7
2 8
4 5
2 3
1 2
8 13
10001
10002
10003
10004
10005
10006
10007
10008
1 3
1 5
1 7
3 5
3 7
5 7
2 4
2 6
2 8
4 6
4 8
6 8
3 4
5 5
36642
28444
50012
29651
10953
1 2
1 4
2 3
2 5
4 5
7 8
76923
75024
53944
73075
77102
96602
77570
3 7
2 6
1 4
5 6
1 3
3 5
1 2
2 3
8 9
10001
10002
10003
10004
10005
10006
10007
10008
1 3
3 5
5 7
1 7
2 4
4 6
6 8
2 8
3 4
8 20
24756
46282
50482
53023
28866
28871
13079
96582
1 6
1 2
7 8
3 5
1 3
4 6
2 6
3 6
3 7
2 3
1 7
1 5
2 4
3 4
2 5
4 8
2 8
6 7
5 7
5 6
4 4
72037
60055
77716
42454
1 2
1 3
3 4
1 4
3 2
29376
72322
63559
1 2
1 3
2 1
67889
62169
1 2
2 1
54452
17979
1 2
4 5
86780
24279
87016
94906
1 2
1 3
3 4
2 3
2 4
5 4
92112
69796
45753
55726
15628
2 5
1 3
1 2
2 4
4 5
91264
29170
12200
69337
2 4
3 4
1 2
1 3
2 3
7 14
56837
25332
65072
40118
20818
48669
10648
3 6
2 4
5 7
1 7
3 5
1 2
2 7
6 7
2 5
4 6
1 4
5 6
1 5
1 3
6 8
20560
77366
67158
91842
43414
66524
3 5
1 4
1 6
5 6
1 2
2 3
1 3
2 5
4 5
73015
29139
87339
74363
1 3
2 4
2 3
1 2
1 4
6 13
90885
32964
80993
73769
34767
71097
2 4
2 3
1 6
3 6
5 6
1 2
4 5
4 6
3 4
2 5
1 3
1 4
1 5
6 6
10001
10002
10003
10004
10005
10006
1 2
2 3
1 4
4 5
3 5
3 6
4 4
86280
74833
92073
73211
3 4
2 4
1 3
1 2
6 8
56812
78457
45795
60205
65846
16062
3 6
2 6
1 4
2 3
2 5
1 2
4 6
3 4
6 7
79699
23422
16258
25863
57645
17736
4 5
1 4
1 3
1 2
2 6
3 5
2 4
6 9
70783
52982
93460
59760
62892
68071
4 6
1 2
1 4
2 3
1 3
4 5
2 4
3 6
2 5
4 3
10001
10002
10003
10004
1 2
1 3
2 4
3 2
51195
29179
19430
1 2
2 3
6 7
10001
10002
10003
10004
10005
10006
1 2
2 3
1 4
4 5
3 5
3 6
2 6
1 0
41891
2 1
90661
37670
1 2
4 4
60545
71156
25129
26958
2 4
1 2
3 4
1 3
8 17
78470
99081
68758
90811
50642
72267
98104
65984
3 8
2 7
1 2
1 8
5 8
1 3
5 6
2 8
1 4
2 6
1 6
1 7
3 7
3 5
4 7
3 4
2 5
2 1
81418
73989
1 2
3 2
75738
33758
68024
2 3
1 2
5 4
36642
28444
50012
29651
10953
1 4
2 3
2 5
4 5
4 4
92632
19820
59686
53391
1 2
2 4
3 4
2 3
1 0
80143
5 8
98689
79687
59803
34347
47800
2 5
1 5
1 3
2 4
4 5
1 2
3 4
3 5
1 0
10070
4 4
81187
53217
22645
33407
1 3
1 4
1 2
3 4
8 20
86675
93266
38415
87522
34454
27468
77715
20544
7 8
1 8
5 7
1 2
4 5
3 8
3 5
3 4
5 6
1 4
1 7
1 3
2 6
6 7
4 7
2 7
3 6
6 8
5 8
2 4
4 3
61728
60600
65800
70622
1 2
3 4
1 3
8 12
16152
91110
51489
25303
53231
73632
19005
85169
1 7
2 3
2 7
2 6
3 7
5 6
6 7
2 8
1 2
1 5
7 8
1 4
2 1
87970
65893
1 2
4 5
92242
61633
68854
20564
3 4
2 4
1 2
2 3
1 3
5 4
53606
44508
55776
25735
39237
1 4
1 2
2 5
1 3
7 17
29828
17559
62452
31108
52727
98555
51568
5 7
4 7
1 2
5 6
3 4
4 5
2 4
4 6
1 4
1 7
2 6
1 6
2 3
6 7
3 5
1 3
1 5
5 6
88879
46936
52434
56960
97536
1 5
4 5
2 4
1 4
1 2
1 3
3 2
78165
83613
61162
1 2
1 3
