15 10
25 3
25 6
-1 -1
-1 -1
-1 -1
9 2
8 4
15 9
20 0
15 5
-1 -1
20 9
4 1
4 1
15 9
-1 -1
4 0
-1 -1
20 6
9 5
3 1
20 2
12 8
5 0
12 2
-1 -1
12 0
20 4
20 12
12 4
-1 -1
9 0
-1 -1
16 7
20 16
2 0
25 0
4 2
5 2
-1 -1
12 2
20 11
15 11
-1 -1
16 0
-1 -1
12 7
12 5
20 0
20 16
8 1
-1 -1
25 11
20 3
-1 -1
15 6
25 14
20 5
9 1
10 2
10 4
15 2
20 7
12 6
8 0
6 0
20 2
-1 -1
5 3
-1 -1
3 1
25 17
8 3
-1 -1
20 1
25 10
25 1
-1 -1
20 8
-1 -1
5 2
20 9
8 0
-1 -1
15 6
-1 -1
15 8
15 5
10 3
-1 -1
16 11
25 15
-1 -1
-1 -1
25 9
25 7
15 7
10 2
15 2
16 9
-1 -1
-1 -1
20 3
-1 -1
12 3
5 0
-1 -1
-1 -1
-1 -1
16 4
16 8
-1 -1
10 0
10 5
12 1
15 3
10 4
-1 -1
12 5
-1 -1
20 1
20 7
5 1
4 2
16 1
-1 -1
25 18
20 15
8 1
-1 -1
15 10
-1 -1
8 4
10 6
-1 -1
-1 -1
8 2
20 11
6 2
25 8
12 4
15 4
10 6
20 14
-1 -1
5 3
25 16
20 10
10 3
-1 -1
25 13
16 12
15 3
25 2
9 3
15 4
16 2
1 0
20 4
12 3
10 5
6 0
3 0
20 10
8 3
-1 -1
15 1
-1 -1
16 5
12 8
16 10
20 6
-1 -1
-1 -1
12 0
15 0
10 1
12 6
8 2
15 0
20 5
4 0
20 12
4 0
10 1
-1 -1
3 0
20 14
6 1
15 11
-1 -1
2 0
-1 -1
-1 -1
-1 -1
9 4
25 21
-1 -1
20 15
-1 -1
16 6
16 3
6 2
12 7
25 4
10 0
20 13
25 20
25 5
6 1
20 13
15 7
12 1
20 8
15 8
-1 -1
15 1
25 12
-1 -1
5 1
25 19
-1 -1
-1 -1
